natives_american_yao_guai = {
	graphical_culture = deathclaw_gfx
	color = { 80 77 17 }
	icon = 10
	
	unit = super_mutant
	
	provinces = {
        28 62 90 91 97 100 106 113 133 167 208 240 243 247 274 343 455 458 461 501 517 530 532 535 569 670 673 985 
        
        1125 1126 1192 1208 1310 1320 1324 1326 1349 1363 1373 1376
        1384
    }
}

natives_american_vicious_dogs = {
	graphical_culture = deathclaw_gfx
	color = { 30 50 120 }
	icon = 9
	
	unit = rodent_scurrier
	
	provinces = {
        26 32 53 54 79 98 104 107 131 136 140 141 148 152 153 154 
        155 157 158 179 182 186 187 210 233 237 241 246 251 252 289
        292 294 299 303 310 314 315 319 324 337 368 369 372 380 404
        413 418 426 427 428 435 441 443 446 456 459 481 483 486 500
        503 505 514 515 521 551 566 577 581 587 589 590 592 597 598
        606 609 611 615 624 628 630 634 635 640 651 652 658 667 668
        669 675 683 702 703 705 717 722 723 725 751 752 761 765 773
        774 779 780 784 792 798 800 803 804 810 811 814 816 820 821
        825 834 838 840 841 843 845 847 848 850 853 855 856 859 885
        886 887 892 894 900 909 915 916 918 921 924 925 932 935 939
        947 949 950 961 971 972 973 974 978 988 990 996 997 998 999
        1000 1001 1001 1002 1003 1004 1005 1006 1007 1008 1009 1010
        1011 1012 1013 1014 1015 1016 1017 1018 1019 1020 1021 1022
        1023 1024 1025 1026 1027 1028 1029 1030 1031 1032 1033 1034
        1035 1036 1037 1038 1039 1040 1041 1042 1043 1044 1045 1046
        1047 1048 1049 1050 1051 1052 1053 1054 1055 1056 1057 1058
        1059 1060 1061 1062 1063 1064 1065 1066 1067 1068 1069 1070
        1071 1072 1073 1074 1075 1076 1077 1078 1079 1080 1081 1082
        1083 1084 1085 1086 1087 1088 1089 1090 1091 1092 1093 1094
        1095 1096 1097 1098 1099 1100 
        
        1113 1121 1128 1129 1144 1150 1153 1157 1168 1174 1175 1193
        1196 1256 1267 1277 1286 1298 1305 1309 1312 1316 1317 1318
        1321 1334 1341 1346 1348 1351 1361 1368 1375 1397 1398 1910
        
        1960 1961 1962 1963 1964 1965 1966 1967 1968
    }
}

natives_american_raider = {
	graphical_culture = raider_gfx
	color = { 180 200 20 }
	icon = 17
	
	unit = raider_scum
	
	provinces = {
        13 25 29 36 42 56 70 77 81 105 110 122 135 145 147 164 168 171 175 178 181 183 189 196 202 211 234 235 253 269 270 272 
        275 288 317 320 345 346 367 371 386 394 423 439 442 451 462
        469 470 480 490 533 544 576 584 594 602 618 621 626 629 631
        633 637 638 641 644 645 646 649 654 664 671 674 678 680 682
        687 691 696 697 700 706 707 710 716 720 742 744 747 754 756
        770 772 781 786 797 808 813 817 824 826 828 829 830 833 835
        839 844 846 865 880 883 899 911 914 917 923 942 959 960 964
        980 984 986 987 991 992 
        
        1115 1116 1118 1433 1135 1162 1169 
        1178 1191 1194 1239 1244 1272 1306 1311 1325 1327 1328 1335
        1360 1366 1369 1377 1382 1399 1429 1430 1431 1432
    }
}

natives_american_radstag = {
	graphical_culture = wastelander_gfx
	color = { 122 125 140 }
	icon = 16
	
	unit = super_mutant
	
	provinces = {
        4 5 49 50 76 142 159 169 170 174 185 188 190 232 238 287 
        332 344 370 374 375 393 450 482 516 542 543 547 608 612 617
        619 623 627 632 639 643 647 655 656 661 684 685 686 693 711
        712 713 719 721 726 727 753 755 758 762 766 767 768 940 948
        970 
        
        1145 1176 1184 1186 1190 1198 1235 1242 1263 1270 1273 
        1275 1285 1290
    }
}

natives_american_radscorpion = {
	graphical_culture = wastelander_gfx
	color = { 20 60 70 }
	icon = 7
	
	unit = super_mutant
	
	provinces = {
        27 33 123 143 200 239 250 264 276 330 348 349 401 434 465 
        468 508 522 523 524 537 574 575 578 585 604 672 775 783 788
        802 812 827 836 837 849 854 857 862 866 867 884 891 901 930
        931 941 963 975 977 981 
        
        1159 1165 1167 1170 1257 1331 1354 
        1362 1365 1367
    }
}

natives_american_feral_ghoul = {
	graphical_culture = ghoul_gfx
	color = { 25 230 120 }
	icon = 4
	
	unit = ghoul_grunt
	
	provinces = {
        21 37 51 60 66 89 93 96 108 132 150 156 162 166 172 173 176
        177 184 195 197 204 230 295 298 300 304 307 323 329 338 342
        347 366 381 412 417 429 445 453 457 460 463 466 473 475 476
        478 488 489 499 507 512 513 527 552 557 567 579 582 593 600
        601 614 616 620 622 625 636 642 648 650 653 657 660 662 676
        677 679 681 688 689 690 692 694 695 698 699 704 708 709 714
        715 718 724 728 730 740 748 749 757 759 760 764 769 777 782
        790 791 801 815 819 832 858 864 875 906 910 913 926 933 944
        952 956 969 982 989 
        
        1136 1141 1149 1155 1171 1177 1188 1189
        1195 1199 1245 1252 1253 1262 1268 1269 1291 1313 1314 1319
        1329 1330 1337 1338 1344 1345 1359 1364 1370 1372 1383 1396
	}
}

natives_american_deathclaw = {
	graphical_culture = deathclaw_gfx
	color = { 122 30 20 }
	icon = 15
	
	unit = super_mutant
	
	provinces = {
        31 34 35 45 61 78 99 101 112 114 115 121 191 192 194 199 
        201 205 249 271 277 279 293 313 316 322 325 339 373 376 377 
        402 414 419 444 447 464 471 474 479 487 509 511 525 568 571
        573 588 591 595 599 610 659 665 666 731 733 734 736 739 741
        745 776 778 785 787 795 818 822 823 831 842 851 861 863 870
        872 873 874 878 888 898 903 907 908 919 927 934 937 955 957
        958 976 983 993 994 
        
        1112 1134 1140 1143 1146 1147 1148 1151
        1152 1172 1180 1209 1231 1271 1288 1292 1307 1315 1323 1333
        1336 1340 1350 1353 1356 1371 1374
        
        1959 1958 1930 1932 1931 1933 1934 1929 1927 1928 1923 1922 1921 1924 1925 1926 1940 1919 1918 1911 1941 1943 1942 1944 1936 1945 1935 1946 1939
        1947 1948 1950 1951 1952 1949 1957 1956 1954 1953
        1920 1938 1937
        1913 1914 1912 1916 1917 1915 1955 
	}
}

natives_american_synth = {
	graphical_culture = robot_gfx
	color = { 80 100 24 }
	icon = 19
	
	unit = synth_strider
	
	provinces = {
        52 58 71 80 82 92 94 103 120 160 161 245 248 286 291 302 
        306 308 340 341 364 389 541 554 570 605 729 738 743 962 966
        
        1111 1137 1138 1182 1265 1274 1276 1287 1300 1301 1322 1332
        1339 1342 1343 1347 1352 1355 1357 1358
	}
}

natives_american_robot = {
	graphical_culture = robot_gfx
	color = { 25 100 10 }
	icon = 13
	
	unit = eyebot
	
	provinces = {
        10 17 22 24 46 95 116 144 146 149 163 165 193 209 212 242 
        290 296 297 301 305 326 327 378 379 420 436 440 448 452 454
        484 504 506 519 534 536 583 586 596 603 607 663 732 735 737
        746 750 771 789 793 794 796 799 805 809 852 860 869 876 881
        896 897 902 904 905 920 922 936 945 951 967 979 995 
        
        1114 1117 1160 1164 1166 1173 1179 1183 1187 1247 1249 1266
        1299 1394 1400
	}
}

natives_american_ghost_people = {
	graphical_culture = ghoul_gfx
	color = { 66 8 0 }
	icon = 4
	
	unit = ghoul_commando

	provinces = { 
        1302 1303 1304
    }	
}