
#mytestgroup = {
#	1 2 3
#}

west_coast_wastelands_and_lakes = {
    6 8 45 1922
}

east_coast_wastelands_and_lakes = {
    9 1660 1903 1659 1661 1660 1662 1663 1664
}

west_coast = {
    11 1553 1580 1552 12 1555 1556 1557 1558 1559
}

east_coast = {
    1524 1525 1503 1505 1512 1518 1510 1509 1511 1508 1507 1506 1502 1501 1500 1499 1492 
}

capital_wasteland_proper = {
    13
    14
    15
    16
    17
    18
    19
    20
    38
    39
    40
    41
    42
    43
    44
    46
    47
    48
    49
    50
    194
    248
    280
    953
    2985
    2986
    3017
    3043
}